Monster GreenSlime(10, 7, 1, 5, 1);
Monster RedSlime(10, 10, 2, 10, 2);
Monster Bat(15, 15, 2, 15, 3);
Monster Skeleton(50, 20, 3, 20, 5);
Monster Wizard(50, 25, 3, 25, 7);
Monster SkeletonSoldier(60, 50, 5, 35, 10);
Monster DemonKing(400, 50, 5, 100, 30);
Monster DemonEmperor(1000, 100, 20, 500, 100);


Player::Player()
{                    //初始：第一层 第六行 第二列 position[0] = 0; position[1] = 11;  position[2] = 7;
	                 //测试位置，公主房间 position[0] = 2; position[1] = 8;  position[2] = 10;
	position[0] = 0; position[1] = 11;  position[2] = 7;
	hp = 100;	hp_limit = hp;  atk = 5;	def = 0;	money = 0;
	Lv = 1;		Exp = 0;	yellow_key = 0;	blue_key = 0;
	red_key = 0; pickaxe = 0;
}


int Map[FLOOR][ROW][COL] = {
	{//1
			{0,0,0,0,0,0,0,0,0,0,0,0,0},
			{0,7,31,5,7,7,7,32,5,7,30,4,0},
			{0,2,7,1,22,7,1,1,1,11,1,5,0},
			{0,1,5,1,19,3,1,3,1,30,1,19,0},
			{0,20,7,1,4,4,1,5,1,30,1,5,0},
			{0,7,30,1,1,1,1,7,5,7,2,7,0},
			{0,1,5,1,4,7,6,7,1,1,1,1,0},
			{0,9,7,1,7,1,1,1,1,4,4,20,0},
			{0,7,1,1,6,1,3,30,9,7,7,9,0},
			{0,51,7,7,7,1,1,7,1,1,7,7,0},
			{0,4,1,7,1,1,4,7,7,7,6,7,0},
			{0,3,1,6,9,7,7,8,4,1,2,3,0},
			{0,0,0,0,0,0,0,0,0,0,0,0,0}
	},

	{//2
			{0,0,0,0,0,0,0,0,0,0,0,0,0},
			{0, 7,30,6, 7,7,7,9,7, 7,7,4,0},
			{0, 7, 1,1,32,1,5,1,1,12,7,51,0},
			{0, 7,19,1,19,1,6,7,1, 1,1,1,0},
			{0,31, 7,1,20,1,1,5,1,20,7,50,0},
			{0, 7,9,1, 7,3,1,7,5, 7,11, 7,0},
			{0, 1,5,1,1,1,1,30,1,1,1,5,0},
			{0, 7,7,1,3,7,1,17,1,2,7,6,0},
			{0, 7,1,1,1,5,1,1,1,7,9,7,0},
			{0, 7,1,30,30,19,1,20,33,30,7,7,0},
			{0, 7,7,7,1,7,1,5,1,7,7,31,0},
			{0,4,3,7,5,7,6,7,7,7,9,2,0},
			{0,0,0,0,0,0,0,0,0,0,0,0,0}
	},

	{//3
			{ 0,0,0,0,0,0,0,0,0,0,0,0,0 },
			{0,3,33,7,7,5,9,7,30,2,1,3,0},
			{0,33,7,7,7,1,7,9,7,7,1,21,0},
			{0,7,7,7,33,1,5,1,1,31,1,18,0},
			{0,31,33,31,17,1,30,19,1,7,7,7,0},
			{0,1,5,1,1,1,19,3,1,7,12,7,0},
			{0,2,7,20,19,1,53,53,53,53,53,53,0},
			{0,7,7,7,4,4,53,7,7,39,7,7,0},
			{0,33,7,24,7,50,53,7,7,7,7,7,0},
			{0,18,1,1,7,7,53,53,53,38,53,53,0},
			{0,3,3,1,31,31,1,32,32,7,32,33,0},
			{0,3,22,1,31,32,18,7,7,7,32,33,0},
			{0,0,0,0,0,0,0,0,0,0,0,0,0}
	},
		
	{//4
			{0,0,0,0,0,0,0,0,0,0,0,0,0},
			{0, 38,54,18, 7,7,7,7,7, 1,32,7,0},
			{0, 7, 38,1,7,7,7,7,7,52,32,7,0},
			{0, 7, 32,1,7,7,39,7,7,1,32,7,0},
			{0, 7, 32,52,7,7,7,7,7,52,32,7,0},
			{0, 7,32,1, 52,1,52,1,52, 1,32, 7,0},
			{0, 7,32,32,32,32,32,32,32,32,32,7,0},
			{0, 7,7,7,7,7,7,7,7,7,7,7,0},
			{0, 32,7,7,7,7,7,7,7,7,7,12,0},
			{0, 38,32,7,7,7,7,7,7,7,7,7,0},
			{0, 38,38,32,7,7,7,7,7,3,7,7,0},
			{0, 17,38,38,32,7,7,7,7,7,7,7,0},
			{0,0,0,0,0,0,0,0,0,0,0,0,0}
	}
};